0 0 0.2145 0.1968 0 0 0.1992 0 0.2077 0 0 1.3856 0.198 1.1956 0 0 0 0.5964 0.3764 1.3639 0 0.2025 0 0.1888 0.2045 0 0 
0.1988 0.194 0 0 0.1976 0 0 0 0 0 0 0.39 0 0 0.194 0 0 0.3924 0 0 0 0 0 0 0 0 0 
0 0 0 0 0 0 0 0.6061 0.5711 0 0.4089 0.4093 0 0 0.4045 0 0 0 0 0.1912 0 0 0 0 0 0 0.398 
0 0 0 0 0.7776 0 0 0 0 0 0 0 0 0 0.2021 0 0 0 0 0 0 0 0 0 0 0 1.3503 
0.8077 0 0.1912 0.7663 0.198 0.2185 0 0 0 0 0 0.98 0.1944 1.194 0.2025 0.2033 0 1.0133 1.7968 0 0 0 0 0.5888 0.2061 0 1.9635 
0.1848 0 0 0 0.6057 0.1964 0 0 0.3956 0 0 0 0 0 0 0 0 0.1988 0 0.1968 0 0 0 0 0 0 0 
0 0 0 0 0.1988 0 0 0 0.5944 0 0 0.198 0 0 0 0 0 0 0 0 0 0 0 0 0 0 0.9856 
0.7924 0 0 0 0.2125 0 0 0 0 0 0 0 0 0 1.2314 0 0 0 0 0 0.2117 0 0 0 0 0 0.5984 
0.1916 0.1952 0.3992 0.3892 0.2017 0 0 0 0 0 0 0 0.2077 1.7587 0.3864 0.2029 0 0 0.9663 0.4057 0 0 0 0 0 0.384 0 
0 0 0 0 0.2033 0 0 0 0 0 0 0 0 0 0 0 0 0 0 0 0 0 0 0 0 0 0 
0 0 0 0 0.4025 0 0 0 0.1944 0 0 0.192 0 0 0 0 0 0 0 0 0 0 0 0 0 0 0.5968 
0.7992 0 0 0 0.8045 0 0 0 0.5804 0 0.1892 0.3844 0 0 0.3916 0 0 0 0.384 0 0 0 0 0 0.192 0 0.9908 
0.2037 0 0 0 0.4113 0 0 0 0 0 0 0 0 0 0.184 0.5928 0 0 0 0 0.2021 0 0 0 0 0 0.4181 
0.3836 0 0.3888 0.5856 0.7723 0 1.3928 0 0.2 0 0.1928 0.2121 0 0 0 0 0 0 0.5715 0.2101 0 0 0 0 0.3852 0 0.398 
0 0 0.4101 0 0 0.3932 0 0.2133 0 0 0.196 0.1968 0.2093 0.5627 0 0.8093 0 0.5808 0.2101 0.592 0.3956 0.6085 0.1844 0 0 0 0 
0.3952 0 0 0 0.6101 0 0 0.2005 0.4121 0 0 0.1968 0 0 0 0.1804 0 0.4346 0.2033 0.1936 0.192 0 0 0 0.3864 0 0.2105 
0 0 0 0 0 0 0 0 0 0 0 0 0 0 0 0 0 0 0 0 0 0 0 0 0 0 0 
0.794 0 0 0.2021 1.2458 0.1924 0.1932 0 0.386 0 0 0 0.184 0 0.3956 0 0 0.2089 0.384 0 0.1956 0 0 0 0.2105 0 0.6121 
0.3904 0 0.5752 0 0.5743 0 0 0.5912 0.5908 0 0.1944 0.1804 0 0.1928 0.3856 0.4161 0 0 1.1655 0.8101 0 0 0.1884 0 0.3936 0 2.341 
0.398 0 0 0 0.9683 0 0 0 0.9832 0 0 0 0 0 0.7864 0 0 0.6049 0 0.386 0.2037 0 0 0 0 0 0.9984 
0 0 0 0 0 0 0 0 0 0 0 0 0.2117 0.4037 0 0 0 0.3984 0.5964 0 0 0 0 0 0 0 0 
0.2017 0 0 0 0.8 0 0 0 0.3956 0 0 0 0 0 0 0 0 0 0 0 0 0 0 0 0 0 0 
0.3948 0 0 0 0.188 0 0 0 0.1872 0 0 0 0 0 0 0 0 0 0 0 0 0 0 0 0 0 0.1824 
0 0 0 0 0 0 0 0 0 0 0 0 0 0 0.2029 0.194 0 0 0 0.1916 0 0 0 0 0 0 0.1888 
0 0 0.2021 0 0 0 0 0 0 0 0 0 0.2021 0 0 0 0 0 0 0 0 0 0 0 0 0 1.5699 
0 0 0 0 0.3828 0 0 0 0 0 0 0 0 0 0 0 0 0 0 0 0 0 0 0 0 0 0 
0.4017 1.1647 0.6045 0.1916 0.7852 0.7699 0.1932 1.4209 0 0.2005 0.2025 0 0.6013 0.396 0.5952 1.0073 0 0.7703 2.3201 0.7872 0.2101 0.5792 0.5735 0 0 0 0 
